9780439353250
9780439368872
9780590117661
9780590117678
9780590117722
9780590117739
9780590117746
9780590117753
9780590117760
9780590117791
9780590634779
9780590635035
9780590635349
9780590635882
9780590635943
9780439238878
9780590117685
9780590117692
9780590117715
9780590117777
9780590126922
9780590127493
9780590128971
9780590129459
9780590129978
9780590130981
9780590142304
9780590148610
9780590149594
9780590223089
9780590223140
9780590223805
9780590223829
9780590225151
9780590225205
9780590227308
9780590295468
9780590306669
9780590335126
9780590373340
9780590373364
9780590373371
9780590373388
9780590373395
9780590373401
9780590373418
9780590373425
9780590373432
9780590373449
9780590373456
9780590373463
9780590484855
9780590503532
9780590503549
9780590503556
9780590509237
9780590535267
9780590552035
9780590566087
9780590671699
9780590672948
9780590676625
9780590676632
9780590698191
9780590736008
9780590925679
9780590967976
9780590975032
9780590975407
9780590987394
9780590996471
9780590996488
9780590284103
9780590215787
9780590032124
9780590032346
9780590631808
9780590636216
9780590647588
9780590657204
9780590526517
9780590408936
9780439133500
9780439133623
9780439133654
9780439210591
9780439210607
9780439215152
9780439215169
9780439215176
9780439215367
9780439220132
9780439226691
9780439226707
9780439234733
9780439238700
9780439238908
9780439291163
9780439249614
9781873829868
